** 
** MIDAS-Pre OUTPUT 
** 
*Heading 
** 
** PARTS 
** 
*Part, name=Part-1 
** 
** 
*Node 
1,      0.07042254,      0.00000000
2,      0.05559674,      0.00000000
3,      0.08110273,      0.01257833
4,      0.09389671,      0.00000000
5,      0.06459022,      0.02071642
6,      0.03335804,      0.00000000
7,      0.00000000,      0.00000000
8,      0.11724548,      0.00000000
9,      0.09712302,      0.03144583
10,      0.07569429,      0.05148006
11,      0.03847599,      0.05003689
12,      0.00000000,      0.03791469
13,      0.13097298,      0.02750385
14,      0.15226864,      0.00000000
15,      0.12115346,      0.05974709
16,      0.05705436,      0.09550915
17,      0.00000000,      0.09478673
18,      0.16716065,      0.04643344
19,      0.20480337,      0.00000000
20,      0.10637773,      0.13773580
21,      0.15719912,      0.10219896
22,      0.28360547,      0.00000000
23,      0.09175137,      0.22274777
24,      0.00000000,      0.18009479
25,      0.23580163,      0.08906533
26,      0.21126761,      0.16587678
27,      0.33254638,      0.09033349
28,      0.40180862,      0.00000000
29,      0.14084507,      0.32227488
30,      0.00000000,      0.30805687
31,      0.07652018,      0.39702752
32,      0.23474178,      0.33175355
33,      0.29482126,      0.21859280
34,      0.29107981,      0.38862559
35,      0.44706690,      0.14374894
36,      0.57911334,      0.00000000
37,      0.00000000,      1.25592417
38,      0.16483679,      0.43562614
39,      0.00000000,      0.52132701
40,      0.05297947,      1.22084651
41,      0.00000000,      1.19361449
42,      0.10393493,      1.22140213
43,      0.25860726,      0.49518654
44,      0.33362745,      0.33484404
45,      0.39906103,      0.28436019
46,      0.32863850,      0.42654028
47,      0.50385279,      0.25291315
48,      1.20845603,      0.11412190
49,      1.04225352,      0.00000000
50,      0.62445632,      0.15800674
51,      0.84507042,      0.00000000
52,      1.10349752,      0.11949493
53,      0.00000000,      1.31429578
54,      0.07042254,      1.27962085
55,      1.17370892,      0.00000000
56,      1.29107981,      0.07109005
57,      0.00000000,      1.10014996
58,      0.14890567,      0.59001939
59,      0.00000000,      0.74965798
60,      0.00000000,      0.95995317
61,      0.09036559,      1.15498683
62,      0.16483175,      1.19711865
63,      0.14084507,      1.25592417
64,      0.20034021,      1.22271175
65,      1.29107981,      0.16587678
66,      1.26760563,      0.23696682
67,      0.35211268,      0.52132701
68,      0.26362455,      0.60523237
69,      0.45342229,      0.35919182
70,      0.42009297,      0.46668915
71,      0.43136189,      0.55472040
72,      0.60184831,      0.31702698
73,      1.18237891,      0.21622304
74,      0.95818966,      0.15435803
75,      0.77881228,      0.23343937
76,      1.05494110,      0.23391254
77,      0.06534264,      1.36226025
78,      0.00000000,      1.40185319
79,      0.13965738,      1.34972822
80,      0.00000000,      1.53318931
81,      1.36715050,      0.04746182
82,      1.29348644,      0.00000000
83,      1.41132205,      0.12012645
84,      1.39123899,      0.21406383
85,      0.11259368,      1.03759870
86,      0.20269469,      0.72957673
87,      0.14413231,      0.88916526
88,      0.19777573,      1.11635348
89,      0.23064379,      1.31353798
90,      0.26525184,      1.22472101
91,      1.18544601,      0.36729858
92,      1.24413146,      0.30805687
93,      1.32927026,      0.26406255
94,      0.35211268,      0.68720379
95,      0.53496417,      0.47143926
96,      0.49741438,      0.62651026
97,      0.72646833,      0.42501615
98,      1.10542704,      0.33850012
99,      0.92837510,      0.34376310
100,      0.00000000,      1.73019348
101,      0.11911882,      1.46510190
102,      0.21489665,      1.41701000
103,      0.13706210,      1.64474510
104,      0.14100941,      1.84839926
105,      3.34073159,      0.00000000
106,      3.23192711,      0.00000000
107,      3.25893500,      0.07807433
108,      2.79763808,      0.00000000
109,      1.47315271,      0.00000000
110,      2.53734334,      0.00000000
111,      1.56427095,      0.11786811
112,      1.50395753,      0.23017684
113,      1.42529801,      0.29470922
114,      0.30280116,      1.40590423
115,      0.24302192,      1.00542832
116,      0.30516432,      0.85308057
117,      0.34323959,      1.15505453
118,      0.34786176,      1.30284234
119,      1.12676056,      0.42654028
120,      1.24940030,      0.42669255
121,      1.36224319,      0.37073667
122,      0.51283043,      0.77701039
123,      0.65727700,      0.63981043
124,      0.86497741,      0.54545931
125,      1.01638655,      0.47667938
126,      0.09028235,      2.13502010
127,      0.00000000,      2.02569974
128,      0.17164048,      2.16081808
129,      0.17345539,      2.03232799
130,      0.23932569,      2.11700651
131,      0.28233737,      1.54220435
132,      0.28574291,      1.74764651
133,      0.26236391,      1.90734722
134,      3.39077077,      0.08346892
135,      3.44953608,      0.00000000
136,      2.97116791,      0.00000000
137,      3.08685446,      0.00000000
138,      2.86248881,      0.16351575
139,      3.30985915,      0.11848341
140,      3.16160119,      0.14342729
141,      3.25055597,      0.12846096
142,      2.75057530,      0.29995731
143,      2.65522945,      0.15764933
144,      1.74265212,      0.00000000
145,      2.43240021,      0.15641737
146,      2.14690124,      0.00000000
147,      1.69044805,      0.24788888
148,      1.54538034,      0.40274875
149,      0.43425094,      1.43851675
150,      0.49082531,      1.01086957
151,      0.50669498,      1.25715557
152,      1.19218558,      0.55769790
153,      1.38580906,      0.53343470
154,      0.77325541,      0.84251703
155,      1.04548313,      0.70615232
156,      0.11128866,      2.22235862
157,      0.00000000,      2.23322902
158,      0.23474178,      2.20379147
159,      0.18532246,      2.25367922
160,      0.30516432,      2.15639810
161,      0.31742805,      2.03130350
162,      0.38081256,      2.10493868
163,      0.37558685,      2.15639810
164,      0.49523253,      1.66174588
165,      0.40336324,      1.87681234
166,      3.61274281,      0.00000000
167,      3.53956967,      0.06948830
168,      3.38028169,      0.16587678
169,      3.47402828,      0.13341588
170,      2.88732394,      0.28436019
171,      3.02816901,      0.16587678
172,      2.94366197,      0.23696682
173,      3.30733772,      0.21997799
174,      3.18135253,      0.22417365
175,      2.86384977,      0.40284360
176,      2.68237638,      0.46936600
177,      2.53937724,      0.32299632
178,      1.96442268,      0.26001619
179,      2.27208059,      0.30479317
180,      1.81829368,      0.48737590
181,      1.63334374,      0.67421122
182,      0.66394366,      1.44312447
183,      0.75639626,      1.17071388
184,      1.33603732,      0.77755937
185,      1.08879823,      1.03904636
186,      0.00000000,      2.89099526
187,      0.00000000,      2.99897947
188,      0.00000000,      4.31503704
189,      0.00000000,      2.79620853
190,      0.10027119,      2.86290921
191,      0.11119348,      2.32851085
192,      0.00000000,      2.65402844
193,      0.00000000,      2.44075829
194,      0.28817957,      2.25415353
195,      0.23599169,      2.33929204
196,      0.38885716,      2.22270316
197,      0.46325811,      2.02326651
198,      0.44600939,      2.15639810
199,      0.78984547,      1.68905734
200,      0.60822449,      1.88523019
201,      3.77594954,      0.00000000
202,      3.62335303,      0.14546160
203,      3.41495125,      0.23587313
204,      3.52052594,      0.23649189
205,      2.96176819,      0.37717070
206,      2.94693291,      0.48398314
207,      2.91079812,      0.50947867
208,      3.35894074,      0.31822210
209,      3.08488474,      0.33967012
210,      3.24689433,      0.34445861
211,      2.82817407,      0.56774186
212,      2.67625827,      0.66826824
213,      2.42330644,      0.55404134
214,      2.10518307,      0.53675641
215,      2.48826291,      0.78199052
216,      1.96123685,      0.81868166
217,      1.57783669,      0.88031672
218,      1.80751174,      0.82938389
219,      1.00824103,      1.42621293
220,      1.08519315,      1.74552469
221,      1.29173430,      1.82724505
222,      1.42425188,      1.06158769
223,      1.29299388,      1.28781420
224,      0.00000000,      3.16095579
225,      0.09389671,      3.00947867
226,      0.16196818,      3.12532907
227,      0.00000000,      4.65751852
228,      0.20160982,      4.44752779
229,      0.35418695,      4.32184110
230,      0.48416000,      4.38952625
231,      0.37173685,      4.17299340
232,      0.46780346,      4.25764264
233,      0.22058875,      4.12207375
234,      0.00000000,      3.76836698
235,      0.00000000,      3.40392026
236,      0.15974225,      2.73658713
237,      0.24974191,      2.88374812
238,      0.21820112,      2.50814382
239,      0.37909751,      2.35229538
240,      0.51694736,      2.38293812
241,      0.53990610,      2.26066351
242,      0.62159104,      2.08694431
243,      0.87781576,      1.96977761
244,      1.16015527,      1.96739990
245,      1.35569405,      1.97532777
246,      1.57276995,      2.10900474
247,      5.00000000,      0.00000000
248,      4.26556972,      0.00000000
249,      3.98941109,      0.16478166
250,      3.81640564,      0.25597784
251,      3.62623066,      0.32771523
252,      3.46695558,      0.34086766
253,      3.03514710,      0.51384746
254,      2.95774648,      0.61611374
255,      3.35136370,      0.44600896
256,      3.18247196,      0.50991632
257,      2.86980244,      0.74444302
258,      2.53492577,      1.00254771
259,      2.75512725,      0.89423796
260,      2.17920475,      0.80350691
261,      1.93897011,      1.01198326
262,      1.69014085,      1.06635071
263,      1.66666667,      2.10900474
264,      1.51305673,      2.00424191
265,      1.61797473,      2.04027837
266,      1.46883503,      1.85294155
267,      1.38175798,      1.59951657
268,      1.55820928,      1.32096155
269,      2.38338713,      1.16989696
270,      2.48211122,      1.35545370
271,      0.22416887,      3.25282293
272,      0.32863850,      3.08056872
273,      5.00000000,      0.65376118
274,      0.24635635,      4.72850368
275,      0.00000000,      5.00000000
276,      0.40502137,      4.53412100
277,      0.56404878,      4.32016880
278,      0.63380282,      4.36018957
279,      0.58217277,      4.40389552
280,      0.63380282,      4.40009978
281,      0.54778834,      4.49361104
282,      0.36082897,      4.03058802
283,      0.47409334,      4.11638196
284,      0.57451160,      4.21032928
285,      0.27337727,      3.78816749
286,      0.38246674,      3.50112070
287,      1.26472332,      2.09786851
288,      0.42553790,      2.89996840
289,      0.39206364,      2.71571821
290,      0.46977688,      2.50390975
291,      0.68075117,      2.41706161
292,      0.79562235,      2.22806876
293,      1.07791759,      2.18996091
294,      1.43192488,      2.10900474
295,      1.54605756,      2.18618646
296,      1.63877358,      2.17712306
297,      4.55669624,      0.44579618
298,      4.09756164,      0.40838470
299,      3.78419187,      0.49449389
300,      3.54496208,      0.49835946
301,      3.06583960,      0.75251087
302,      3.29562639,      0.65750506
303,      2.93303682,      0.96906959
304,      2.59376787,      1.45122124
305,      2.66052614,      1.54260305
306,      2.62365893,      1.26403937
307,      2.77215795,      1.09727686
308,      2.57278331,      1.57524619
309,      2.14031056,      1.20178281
310,      1.85446009,      1.35071090
311,      1.73456768,      2.13946901
312,      1.71261430,      2.04128685
313,      1.62322622,      1.93997435
314,      1.64019823,      1.77397568
315,      1.70798204,      1.56362776
316,      2.46934182,      1.49842679
317,      2.33032622,      1.38292255
318,      0.47363439,      3.24809686
319,      0.56338028,      2.98578199
320,      4.66298837,      0.86209703
321,      5.00000000,      1.08960197
322,      0.45906248,      4.73489337
323,      0.42253521,      5.00000000
324,      0.55952063,      4.62335855
325,      0.65098727,      4.29015144
326,      0.70422535,      4.36018957
327,      0.63380282,      4.45996508
328,      0.69616203,      4.42309820
329,      0.63380282,      4.54976303
330,      0.68659242,      4.18843258
331,      0.47962172,      3.93737837
332,      0.60573243,      4.06753108
333,      0.48198456,      3.74514087
334,      0.62992385,      3.44187829
335,      0.59115731,      3.63397578
336,      1.29107981,      2.25118483
337,      0.59449298,      2.83502547
338,      0.63302661,      2.64831088
339,      0.80780616,      2.56751341
340,      0.96990563,      2.44550311
341,      1.18497776,      2.37723293
342,      1.29107981,      2.41706161
343,      1.48601613,      2.27324598
344,      1.60195761,      2.26009436
345,      1.71229772,      2.25513981
346,      1.83641919,      2.18516543
347,      2.65855788,      1.63623301
348,      2.72765994,      1.57974880
349,      4.30154792,      0.76044731
350,      3.95729221,      0.74950383
351,      3.05164319,      1.01895735
352,      3.66197183,      0.73459716
353,      3.43358327,      0.82385626
354,      3.19021743,      0.90945682
355,      2.94260152,      1.15260311
356,      2.74394014,      1.46130301
357,      2.83806454,      1.29905503
358,      2.48065571,      1.63804323
359,      2.56954785,      1.67883174
360,      2.14997995,      1.48631135
361,      1.94341392,      1.57785427
362,      1.84475407,      2.08837573
363,      1.78387243,      1.93086900
364,      1.87018366,      1.75941752
365,      2.34798620,      1.57716730
366,      2.62910798,      1.70616114
367,      2.69953052,      1.70616114
368,      0.81147369,      3.04006380
369,      0.71216632,      3.23697780
370,      0.84507042,      3.41232227
371,      4.83835909,      1.29126795
372,      4.68652185,      1.16123738
373,      4.41934539,      1.07181130
374,      4.69029466,      1.34761251
375,      5.00000000,      1.38016249
376,      4.92304038,      1.51207459
377,      1.03780578,      5.00000000
378,      1.12676056,      5.00000000
379,      0.90437361,      5.00000000
380,      0.70422535,      5.00000000
381,      0.67086731,      4.78672986
382,      0.64862861,      4.64454976
383,      0.99820252,      4.90998642
384,      0.74320337,      4.28839769
385,      0.76056338,      4.38862559
386,      0.74836229,      4.50650510
387,      0.80805703,      4.18298898
388,      0.73851076,      4.06784877
389,      0.68753501,      3.85819337
390,      0.77464789,      3.62559242
391,      1.42025126,      2.42646563
392,      0.94626308,      2.76045786
393,      1.29107981,      2.58293839
394,      1.10328638,      3.12796209
395,      1.98919646,      2.25371005
396,      1.62712770,      2.40031180
397,      1.83635411,      2.36061161
398,      2.74894984,      1.66126216
399,      2.82307882,      1.59391369
400,      2.77440487,      1.71331174
401,      4.10678185,      1.04105780
402,      3.77934272,      1.06635071
403,      3.16972712,      1.10394079
404,      3.05164319,      1.20853081
405,      3.57261886,      1.05174399
406,      3.33333333,      1.09004739
407,      3.00469484,      1.32227488
408,      2.93427230,      1.49289100
409,      2.16743566,      2.40708528
410,      2.46768437,      1.72444276
411,      2.57203969,      1.74161457
412,      2.13571001,      1.72861967
413,      2.01418238,      1.98139008
414,      2.33380413,      1.76420143
415,      2.42330933,      1.84055529
416,      2.64418133,      1.76978596
417,      2.73701579,      1.77532331
418,      2.13664158,      2.31986236
419,      2.23493832,      2.36396390
420,      2.17912331,      2.15569019
421,      0.94835681,      3.29857820
422,      0.92881098,      3.52975096
423,      1.24936557,      3.29811265
424,      4.80742163,      1.48353738
425,      4.50246428,      1.31693863
426,      4.23675621,      1.30096311
427,      4.60596492,      1.49007228
428,      4.81096311,      1.61654193
429,      4.88262911,      1.61137441
430,      4.89653431,      1.70963343
431,      5.00000000,      1.57386951
432,      1.22065728,      5.00000000
433,      1.10421784,      4.90959091
434,      1.21126761,      4.92417062
435,      0.89163085,      4.82548136
436,      0.82964172,      4.64863276
437,      1.05402934,      4.81522766
438,      0.84831478,      4.30789074
439,      0.84507042,      4.43127962
440,      0.93187330,      4.20369291
441,      0.93896714,      4.50710900
442,      0.90418054,      4.02339492
443,      0.92488263,      3.74881517
444,      1.53686449,      2.62576799
445,      1.35715452,      2.83640220
446,      1.56338028,      3.17535545
447,      1.40845070,      3.03317536
448,      2.05303127,      2.46978207
449,      1.80087757,      2.58609634
450,      2.86646154,      1.66524193
451,      2.82562347,      1.75911593
452,      3.94250104,      1.30391688
453,      3.74413146,      1.31516588
454,      3.22052907,      1.29401343
455,      3.48356808,      1.27962085
456,      3.12207516,      1.50823843
457,      3.01239854,      1.64337253
458,      2.30046948,      2.39336493
459,      2.24547276,      2.46787711
460,      2.55062303,      1.83276492
461,      2.29644257,      1.95145118
462,      2.46983523,      1.93178579
463,      2.68201172,      1.86140472
464,      2.80586033,      1.85012120
465,      2.29394751,      2.28370509
466,      2.34459034,      2.14212749
467,      2.38808868,      2.35867277
468,      1.49910906,      3.34008454
469,      1.15104498,      3.56330172
470,      1.40845070,      3.48341232
471,      4.08074898,      1.53627852
472,      4.70643873,      1.62407872
473,      4.37401875,      1.53742729
474,      4.55399061,      1.63507109
475,      4.79139631,      1.72662419
476,      4.90610329,      1.77725118
477,      5.00000000,      1.70300752
478,      1.31221710,      4.90888591
479,      1.31269012,      5.00000000
480,      1.19718310,      4.81042654
481,      1.07981221,      4.62085308
482,      1.00791945,      4.34582186
483,      1.09813480,      4.15729083
484,      1.12194903,      4.48227789
485,      1.38824828,      4.81121553
486,      1.15023474,      3.93364929
487,      1.66666667,      3.27014218
488,      2.21929662,      2.61946102
489,      1.75454744,      3.14678843
490,      1.72609644,      2.91325314
491,      2.02856249,      2.72689732
492,      2.94815348,      1.79469681
493,      3.70892019,      1.56398104
494,      3.36901742,      1.54462277
495,      3.18048214,      1.75714292
496,      2.37089202,      2.46445498
497,      2.37089202,      2.54976303
498,      2.60127777,      1.97115492
499,      2.47651696,      2.06734677
500,      2.75727734,      1.97873892
501,      2.89220557,      1.93643496
502,      2.47206482,      2.25032627
503,      2.49651176,      2.39921349
504,      1.60593261,      3.47400296
505,      1.44751177,      3.65099538
506,      4.22782041,      1.72783763
507,      4.00150412,      1.77935948
508,      4.63303952,      1.77970339
509,      4.41314554,      1.75355450
510,      4.31677295,      1.84437921
511,      4.38967136,      1.86018957
512,      3.79052528,      1.91832274
513,      3.86580967,      2.13519696
514,      4.79934916,      1.85594617
515,      4.90610329,      1.85981728
516,      4.95305164,      1.82241138
517,      5.00000000,      1.78909953
518,      1.45073937,      5.00000000
519,      1.31948558,      4.10300819
520,      1.30496051,      4.60639310
521,      1.28154369,      4.33984889
522,      1.55164192,      4.84919513
523,      1.51068570,      4.69901237
524,      1.50234742,      3.88625592
525,      1.85446009,      3.24644550
526,      1.82854675,      3.41557836
527,      2.37089202,      2.67772512
528,      2.24763873,      2.81345773
529,      1.96243023,      3.12754344
530,      2.12438545,      2.94919035
531,      3.05064985,      1.95829290
532,      3.48247978,      1.86807417
533,      3.24976327,      1.98452103
534,      2.49554605,      2.52200939
535,      2.47284098,      2.62506503
536,      2.67034377,      2.16033127
537,      2.89350426,      2.10457863
538,      2.62290824,      2.46184001
539,      2.62605556,      2.33776346
540,      1.78050436,      3.68752259
541,      4.78657443,      1.96932051
542,      4.67320159,      1.94496930
543,      4.01366282,      2.01331310
544,      4.02128064,      2.19765736
545,      4.18924953,      1.91139352
546,      4.50078554,      1.92517211
547,      4.36619718,      1.96682464
548,      4.01643103,      2.32196271
549,      3.66043445,      2.14813703
550,      3.79517755,      2.23732977
551,      3.90322215,      2.29467360
552,      3.96215407,      2.36599533
553,      4.83019028,      2.04427402
554,      4.90610329,      1.94238337
555,      5.00000000,      1.86347751
556,      1.65781326,      5.00000000
557,      1.57284550,      4.20977061
558,      1.55497602,      4.49895408
559,      1.74956371,      4.74076984
560,      1.86125878,      4.03168730
561,      2.49514904,      2.74453934
562,      2.03180040,      3.29854264
563,      2.02584405,      3.52039298
564,      2.36789441,      2.89706422
565,      2.21389699,      3.12033896
566,      3.12122873,      2.17867289
567,      3.38947887,      2.16096290
568,      2.63140589,      2.63195539
569,      2.85701663,      2.41524758
570,      2.18309859,      3.83886256
571,      4.73576315,      2.06777938
572,      4.59752858,      2.08478578
573,      4.11568920,      2.28556035
574,      4.21265920,      2.13238396
575,      4.43916223,      2.09309320
576,      4.01408451,      2.41706161
577,      4.08450704,      2.36966825
578,      3.53001834,      2.34179576
579,      3.74592597,      2.36991575
580,      3.91432880,      2.43101568
581,      4.82361007,      2.13957483
582,      4.90610329,      2.10900474
583,      5.00000000,      1.97504449
584,      4.89181794,      2.15707390
585,      1.96842409,      5.00000000
586,      1.91394379,      4.41418303
587,      2.08490182,      4.73742140
588,      2.21845308,      4.16254200
589,      2.46478873,      3.93838863
590,      2.62910798,      2.89099526
591,      2.30046948,      3.36492891
592,      2.49491683,      3.08451399
593,      3.26198384,      2.44725332
594,      2.84254724,      2.76425269
595,      3.02816901,      2.65402844
596,      2.58585524,      3.64529856
597,      4.73305678,      2.47800395
598,      4.71541799,      2.23544033
599,      4.72624405,      2.39405365
600,      4.53051643,      2.25118483
601,      4.21170089,      2.30196993
602,      4.14999854,      2.38911303
603,      4.34742313,      2.28727453
604,      4.00720390,      2.47262822
605,      4.09119308,      2.45114740
606,      3.57774769,      2.58065629
607,      3.82350364,      2.55705371
608,      3.94511832,      2.53927264
609,      4.78062447,      2.53123204
610,      4.80367385,      2.45367252
611,      4.83824791,      2.33733325
612,      4.87038993,      2.22917764
613,      5.00000000,      2.14239496
614,      2.43434033,      5.00000000
615,      2.86816695,      3.71501750
616,      2.69739226,      3.83377623
617,      2.35894164,      4.53159248
618,      2.52842516,      4.21779191
619,      2.65258216,      4.00473934
620,      3.58362629,      2.81302686
621,      2.78685757,      3.04216534
622,      2.68170276,      3.31805183
623,      3.30985915,      2.79620853
624,      3.04692298,      2.93775700
625,      2.88921284,      3.51888884
626,      2.63931138,      4.73218322
627,      4.66024215,      2.47567972
628,      4.69483568,      2.53554502
629,      4.60835187,      2.38588177
630,      4.46254349,      2.37184679
631,      4.59115846,      2.49641126
632,      4.76525822,      2.58293839
633,      4.23442553,      2.41417987
634,      4.34326280,      2.44649425
635,      3.99688299,      2.55597814
636,      4.15116242,      2.53843142
637,      3.77564764,      2.74020828
638,      3.72331338,      2.94210376
639,      3.98140162,      2.68100302
640,      4.79874320,      2.62791794
641,      4.83041646,      2.57296530
642,      4.89852934,      2.49374964
643,      5.00000000,      2.39342067
644,      2.77233448,      5.00000000
645,      3.03361722,      3.65173932
646,      3.07882382,      3.78024445
647,      2.90832716,      3.87004240
648,      2.69984672,      4.45651170
649,      2.78282928,      4.20860573
650,      2.87784883,      4.04728208
651,      3.52904764,      3.00641132
652,      3.01948009,      3.26371798
653,      3.28959698,      3.11215350
654,      3.12727041,      3.53297480
655,      2.93427230,      4.66824645
656,      3.16074078,      4.74599074
657,      3.67805095,      3.14930621
658,      3.81190917,      3.07630260
659,      4.64241765,      2.55857550
660,      4.70015623,      2.60081345
661,      4.48356808,      2.48815166
662,      4.56127837,      2.57373008
663,      4.75016419,      2.65850232
664,      4.30651274,      2.57458582
665,      4.12706891,      2.69832356
666,      3.95817957,      2.86854033
667,      4.84551255,      2.69707333
668,      4.91554322,      2.62305562
669,      5.00000000,      2.58168995
670,      3.30381202,      4.84677443
671,      3.11032864,      5.00000000
672,      3.19248826,      3.72037915
673,      3.20067529,      3.87688816
674,      3.12206573,      3.90995261
675,      3.06572770,      4.00473934
676,      2.96087764,      4.37281367
677,      2.98122066,      4.14691943
678,      3.67983763,      3.27684545
679,      3.53057815,      3.27617164
680,      3.29894425,      3.39816496
681,      3.31740757,      3.65458608
682,      3.52783765,      4.77486976
683,      3.42289897,      4.77043912
684,      3.31378562,      4.68751410
685,      3.13514143,      4.52883994
686,      3.77934272,      3.24644550
687,      3.92018779,      3.17535545
688,      4.64707021,      2.66820829
689,      4.47989861,      2.65515899
690,      4.74178404,      2.77251185
691,      4.32679936,      2.78219074
692,      4.16670774,      2.88908018
693,      4.09580706,      3.06492033
694,      4.04256567,      3.19182790
695,      4.87495975,      2.85287591
696,      5.00000000,      2.76995923
697,      3.60544827,      4.77605034
698,      3.58189487,      4.83419841
699,      3.46762779,      4.87649000
700,      3.33251796,      5.00000000
701,      3.58412144,      4.72173723
702,      3.29369187,      3.83776389
703,      3.24315163,      4.01431745
704,      3.16245718,      4.24687783
705,      3.73239437,      3.43601896
706,      3.50478654,      3.55589648
707,      3.48975093,      3.70167216
708,      3.40375587,      3.79146919
709,      3.48445056,      4.66963603
710,      3.35713583,      4.56252709
711,      3.30985915,      4.40758294
712,      3.90093209,      3.35918967
713,      3.99431678,      3.29508606
714,      3.87565995,      3.52928016
715,      4.55359816,      2.84683418
716,      4.76995305,      2.91469194
717,      4.32448154,      3.03782475
718,      4.15782646,      3.23487138
719,      4.89161744,      3.00198472
720,      5.00000000,      2.96138445
721,      3.66197183,      4.73933649
722,      3.66197183,      4.81042654
723,      3.62812386,      4.85898484
724,      3.58772439,      4.90866510
725,      3.49915995,      5.00000000
726,      3.69656536,      4.69942629
727,      3.62981070,      4.65039298
728,      3.41643091,      3.97049127
729,      3.44093892,      4.25320700
730,      3.68858422,      3.66836153
731,      3.53521127,      3.83886256
732,      3.53549191,      4.52096449
733,      3.55347708,      4.33751578
734,      4.10551025,      3.47468197
735,      3.95186967,      3.70909309
736,      4.58511008,      3.10236345
737,      4.81220657,      3.12796209
738,      4.37889776,      3.35438763
739,      5.00000000,      3.15280967
740,      3.72264355,      4.80167700
741,      3.67546810,      4.88122266
742,      3.66580194,      5.00000000
743,      3.76737249,      4.72081110
744,      3.74845565,      4.63956099
745,      3.69129470,      4.56328213
746,      3.58155284,      4.08760246
747,      3.73239437,      3.90995261
748,      3.71539293,      4.45585971
749,      3.73944979,      4.30171675
750,      4.04222420,      3.93318298
751,      4.27230047,      3.74407583
752,      4.66867371,      3.34199366
753,      4.90116135,      3.34123223
754,      4.53764559,      3.55354636
755,      5.00000000,      3.40804330
756,      4.96046454,      3.48341232
757,      3.81365114,      4.78855268
758,      3.78317786,      4.90632679
759,      3.79078343,      5.00000000
760,      3.85555656,      4.67432183
761,      3.82629108,      4.54976303
762,      3.89964186,      4.16170657
763,      3.94835681,      4.46445498
764,      4.12745085,      4.10475334
765,      4.27208613,      3.96957653
766,      4.29577465,      4.12322275
767,      4.45539906,      3.87203791
768,      4.57107130,      3.75539671
769,      4.79460096,      3.57793785
770,      5.00000000,      3.57819905
771,      3.89671422,      4.87217503
772,      3.95016251,      4.76886620
773,      3.91576493,      5.00000000
774,      4.02698999,      4.57864876
775,      4.13145540,      4.33649289
776,      4.44261779,      4.04512411
777,      4.34931159,      4.30215673
778,      4.46009390,      4.19431280
779,      4.57746479,      3.95734597
780,      4.78873239,      3.82938389
781,      4.92957746,      3.74407583
782,      5.00000000,      3.73271316
783,      4.02076390,      4.89676694
784,      4.15492958,      4.73933649
785,      4.04074642,      5.00000000
786,      4.32235555,      4.51626080
787,      4.59482605,      4.15181724
788,      4.53704621,      4.33996602
789,      4.78738619,      4.06404298
790,      5.00000000,      3.93497482
791,      4.40845070,      4.76777251
792,      4.16572791,      5.00000000
793,      4.57746479,      4.78672986
794,      4.64788732,      4.54976303
795,      4.76153477,      4.30899180
796,      5.00000000,      4.19973889
797,      4.58286396,      5.00000000
798,      4.76164321,      4.77656251
799,      5.00000000,      4.54631968
800,      5.00000000,      5.00000000
** 
** 
*Element, type=CPE3 
1, 626, 655, 644
2, 167, 135, 166
3, 274, 275, 227
4, 783, 792, 785
5, 772, 784, 783
6, 695, 696, 720
7, 642, 643, 669
8, 134, 139, 105
9, 727, 721, 701
10, 791, 793, 797
11, 191, 193, 157
12, 798, 800, 797
13, 56, 55, 82
14, 159, 158, 194
15, 160, 158, 130
16, 158, 160, 194
17, 272, 319, 318
18, 337, 319, 288
19, 445, 394, 392
20, 39, 30, 31
21, 196, 160, 163
22, 29, 32, 38
23, 241, 198, 242
24, 271, 272, 318
25, 421, 370, 369
26, 34, 46, 43
27, 225, 272, 226
28, 26, 32, 29
29, 54, 63, 79
30, 34, 32, 44
31, 77, 54, 79
32, 294, 336, 287
33, 46, 67, 43
34, 38, 34, 43
35, 116, 94, 122
36, 53, 54, 77
37, 115, 116, 150
38, 67, 46, 70
39, 94, 67, 71
40, 96, 123, 122
41, 49, 55, 52
42, 62, 63, 42
43, 79, 63, 89
44, 63, 54, 42
45, 69, 46, 44
46, 52, 55, 48
47, 29, 30, 23
48, 55, 56, 48
49, 56, 65, 48
50, 224, 225, 226
51, 186, 225, 187
52, 187, 225, 224
53, 65, 56, 83
54, 326, 278, 325
55, 382, 329, 386
56, 280, 326, 328
57, 385, 326, 384
58, 327, 329, 281
59, 278, 326, 280
60, 385, 439, 386
61, 441, 481, 436
62, 98, 92, 91
63, 246, 294, 264
64, 441, 439, 482
65, 480, 481, 520
66, 211, 175, 207
67, 263, 246, 265
68, 434, 480, 478
69, 442, 486, 483
70, 370, 390, 334
71, 443, 390, 422
72, 390, 370, 422
73, 423, 470, 469
74, 264, 294, 245
75, 73, 65, 66
76, 399, 408, 450
77, 421, 394, 423
78, 505, 470, 504
79, 447, 394, 445
80, 446, 487, 468
81, 496, 458, 467
82, 195, 159, 194
83, 391, 336, 343
84, 419, 458, 459
85, 524, 486, 505
86, 407, 408, 357
87, 458, 496, 459
88, 125, 119, 152
89, 253, 254, 206
90, 497, 527, 488
91, 497, 496, 534
92, 525, 487, 489
93, 445, 393, 444
94, 564, 527, 561
95, 561, 527, 535
96, 341, 336, 342
97, 218, 262, 217
98, 310, 262, 261
99, 262, 218, 261
100, 404, 351, 403
101, 303, 351, 355
102, 351, 404, 355
103, 366, 367, 416
104, 485, 480, 520
105, 446, 447, 490
106, 398, 367, 347
107, 359, 366, 411
108, 407, 404, 454
109, 141, 139, 173
110, 435, 481, 437
111, 589, 570, 596
112, 594, 590, 568
113, 479, 434, 478
114, 570, 591, 596
115, 687, 686, 658
116, 649, 619, 650
117, 596, 591, 622
118, 623, 595, 593
119, 217, 262, 222
120, 454, 404, 403
121, 651, 623, 620
122, 172, 171, 209
123, 657, 686, 678
124, 705, 686, 712
125, 606, 623, 593
126, 686, 705, 678
127, 706, 705, 730
128, 300, 352, 353
129, 139, 168, 173
130, 353, 352, 405
131, 494, 493, 532
132, 647, 619, 616
133, 560, 570, 588
134, 675, 677, 650
135, 673, 674, 646
136, 402, 352, 350
137, 671, 655, 656
138, 676, 677, 704
139, 675, 674, 703
140, 685, 711, 710
141, 518, 479, 478
142, 684, 685, 710
143, 744, 761, 760
144, 410, 359, 411
145, 405, 402, 453
146, 766, 775, 764
147, 556, 518, 522
148, 786, 775, 777
149, 729, 711, 704
150, 740, 726, 743
151, 722, 721, 740
152, 776, 766, 765
153, 775, 766, 777
154, 788, 794, 786
155, 794, 793, 791
156, 726, 721, 727
157, 577, 576, 548
158, 602, 577, 573
159, 604, 576, 605
160, 763, 775, 774
161, 778, 766, 776
162, 730, 705, 714
163, 702, 708, 728
164, 639, 666, 637
165, 763, 761, 748
166, 633, 602, 601
167, 546, 547, 511
168, 792, 791, 797
169, 788, 778, 787
170, 731, 708, 707
171, 686, 687, 712
172, 713, 687, 694
173, 688, 690, 715
174, 474, 509, 473
175, 545, 574, 543
176, 629, 661, 630
177, 634, 661, 664
178, 756, 770, 769
179, 575, 547, 546
180, 506, 509, 510
181, 472, 474, 427
182, 662, 661, 631
183, 598, 600, 572
184, 695, 690, 667
185, 575, 600, 603
186, 430, 476, 475
187, 481, 480, 437
188, 486, 524, 519
189, 379, 380, 435
190, 781, 770, 782
191, 780, 781, 790
192, 311, 263, 312
193, 346, 311, 362
194, 395, 346, 362
195, 360, 310, 309
196, 428, 429, 430
197, 509, 474, 508
198, 124, 123, 97
199, 21, 26, 20
200, 32, 26, 33
201, 67, 94, 68
202, 185, 184, 222
203, 319, 272, 288
204, 37, 54, 53
205, 338, 291, 339
206, 272, 225, 237
207, 470, 423, 468
208, 459, 497, 488
209, 155, 125, 152
210, 170, 175, 142
211, 734, 751, 735
212, 716, 737, 736
213, 748, 761, 745
214, 750, 747, 735
215, 352, 402, 405
216, 354, 351, 301
217, 431, 429, 376
218, 476, 517, 516
219, 744, 726, 727
220, 700, 671, 670
221, 168, 139, 134
222, 203, 168, 169
223, 33, 45, 44
224, 59, 39, 58
225, 58, 39, 38
226, 88, 115, 117
227, 94, 116, 86
228, 89, 63, 64
229, 62, 88, 64
230, 54, 37, 40
231, 216, 218, 181
232, 185, 219, 183
233, 96, 94, 71
234, 69, 45, 47
235, 46, 34, 44
236, 36, 51, 50
237, 121, 92, 93
238, 9, 4, 8
239, 26, 29, 23
240, 15, 21, 20
241, 9, 15, 10
242, 33, 26, 25
243, 1, 4, 3
244, 4, 9, 3
245, 369, 370, 334
246, 443, 486, 442
247, 482, 439, 438
248, 386, 327, 328
249, 439, 385, 438
250, 329, 327, 386
251, 381, 380, 323
252, 334, 390, 335
253, 591, 570, 563
254, 432, 378, 434
255, 327, 280, 328
256, 439, 441, 386
257, 369, 319, 368
258, 423, 447, 446
259, 394, 447, 423
260, 565, 591, 562
261, 505, 486, 469
262, 370, 421, 422
263, 358, 359, 410
264, 594, 595, 624
265, 490, 445, 444
266, 423, 446, 468
267, 413, 395, 362
268, 592, 591, 565
269, 138, 170, 142
270, 507, 493, 471
271, 468, 487, 504
272, 595, 623, 624
273, 681, 672, 654
274, 676, 655, 648
275, 418, 395, 420
276, 171, 137, 140
277, 301, 254, 253
278, 140, 137, 106
279, 428, 472, 424
280, 452, 402, 401
281, 256, 301, 253
282, 175, 170, 205
283, 209, 171, 174
284, 455, 406, 405
285, 206, 254, 207
286, 354, 406, 403
287, 408, 407, 456
288, 647, 675, 650
289, 685, 676, 704
290, 646, 674, 647
291, 713, 734, 712
292, 592, 590, 621
293, 731, 747, 746
294, 673, 672, 702
295, 750, 751, 765
296, 745, 744, 727
297, 655, 676, 685
298, 677, 675, 704
299, 771, 772, 783
300, 655, 685, 656
301, 791, 784, 786
302, 704, 675, 703
303, 780, 779, 768
304, 776, 779, 787
305, 786, 784, 774
306, 726, 744, 743
307, 774, 772, 760
308, 721, 726, 740
309, 760, 757, 743
310, 628, 632, 660
311, 632, 628, 609
312, 635, 639, 608
313, 609, 628, 597
314, 600, 629, 630
315, 554, 582, 553
316, 576, 577, 605
317, 600, 575, 572
318, 627, 628, 659
319, 770, 781, 769
320, 687, 666, 693
321, 664, 661, 689
322, 738, 734, 718
323, 688, 662, 659
324, 716, 690, 695
325, 793, 794, 798
326, 767, 779, 776
327, 767, 751, 768
328, 746, 747, 762
329, 693, 666, 692
330, 661, 662, 689
331, 736, 737, 752
332, 252, 203, 204
333, 508, 472, 475
334, 472, 428, 475
335, 474, 472, 508
336, 514, 476, 515
337, 584, 582, 613
338, 753, 737, 739
339, 739, 737, 719
340, 629, 600, 598
341, 582, 554, 583
342, 514, 554, 541
343, 660, 688, 659
344, 612, 584, 613
345, 598, 611, 599
346, 603, 633, 601
347, 553, 582, 581
348, 611, 610, 599
349, 610, 609, 597
350, 323, 275, 274
351, 438, 385, 384
352, 380, 381, 435
353, 386, 441, 436
354, 437, 480, 433
355, 432, 434, 479
356, 589, 619, 618
357, 649, 676, 648
358, 648, 655, 626
359, 484, 521, 520
360, 585, 556, 559
361, 430, 429, 477
362, 517, 476, 477
363, 429, 428, 424
364, 248, 247, 297
365, 371, 375, 424
366, 298, 349, 350
367, 424, 375, 376
368, 476, 430, 477
369, 429, 431, 477
370, 799, 794, 795
371, 795, 788, 787
372, 781, 782, 790
373, 789, 795, 787
374, 779, 780, 789
375, 794, 788, 795
376, 2, 1, 5
377, 3, 9, 5
378, 1, 3, 5
379, 75, 51, 74
380, 25, 21, 18
381, 21, 15, 18
382, 15, 9, 13
383, 9, 8, 13
384, 35, 33, 27
385, 26, 21, 25
386, 97, 95, 72
387, 45, 33, 35
388, 99, 124, 97
389, 13, 14, 18
390, 95, 69, 72
391, 152, 119, 120
392, 143, 138, 142
393, 172, 170, 138
394, 180, 216, 181
395, 136, 171, 138
396, 83, 56, 81
397, 259, 215, 212
398, 137, 171, 136
399, 56, 82, 81
400, 171, 172, 138
401, 179, 146, 145
402, 145, 110, 143
403, 7, 6, 12
404, 12, 6, 11
405, 11, 6, 5
406, 17, 12, 11
407, 116, 115, 87
408, 87, 115, 85
409, 115, 88, 85
410, 88, 62, 61
411, 57, 60, 85
412, 78, 53, 77
413, 80, 78, 101
414, 124, 125, 155
415, 127, 100, 104
416, 192, 193, 238
417, 100, 80, 103
418, 237, 225, 190
419, 235, 224, 271
420, 392, 394, 368
421, 234, 235, 285
422, 384, 326, 325
423, 277, 278, 279
424, 280, 327, 279
425, 393, 445, 392
426, 340, 291, 292
427, 241, 291, 240
428, 225, 186, 190
429, 189, 192, 236
430, 186, 189, 190
431, 193, 191, 238
432, 238, 191, 195
433, 504, 487, 526
434, 421, 423, 469
435, 336, 294, 343
436, 534, 496, 503
437, 568, 590, 561
438, 529, 525, 489
439, 487, 446, 489
440, 447, 445, 490
441, 419, 418, 465
442, 590, 592, 564
443, 496, 497, 459
444, 343, 294, 295
445, 294, 246, 295
446, 246, 263, 296
447, 263, 311, 296
448, 346, 395, 397
449, 83, 109, 111
450, 212, 215, 213
451, 146, 110, 145
452, 260, 215, 258
453, 455, 493, 494
454, 171, 140, 174
455, 367, 366, 347
456, 404, 407, 355
457, 355, 407, 357
458, 365, 358, 410
459, 573, 577, 548
460, 414, 365, 410
461, 360, 365, 412
462, 269, 260, 258
463, 218, 216, 261
464, 307, 355, 357
465, 216, 260, 261
466, 215, 259, 258
467, 356, 399, 348
468, 399, 398, 348
469, 702, 672, 681
470, 595, 594, 569
471, 666, 687, 658
472, 548, 576, 552
473, 604, 635, 608
474, 708, 702, 681
475, 622, 592, 621
476, 590, 594, 621
477, 623, 651, 653
478, 651, 657, 679
479, 674, 673, 703
480, 735, 747, 730
481, 761, 744, 745
482, 673, 702, 703
483, 775, 763, 762
484, 711, 685, 704
485, 761, 763, 774
486, 757, 772, 771
487, 737, 753, 752
488, 692, 666, 665
489, 636, 635, 605
490, 662, 688, 689
491, 690, 716, 715
492, 635, 604, 605
493, 752, 753, 769
494, 754, 751, 738
495, 619, 589, 616
496, 672, 673, 646
497, 674, 675, 647
498, 705, 706, 679
499, 168, 203, 173
500, 303, 259, 257
501, 351, 303, 301
502, 173, 203, 208
503, 737, 716, 719
504, 611, 612, 643
505, 610, 611, 642
506, 554, 555, 583
507, 631, 627, 659
508, 582, 583, 613
509, 612, 613, 643
510, 663, 632, 640
511, 609, 610, 641
512, 756, 753, 755
513, 632, 609, 641
514, 770, 756, 755
515, 753, 739, 755
516, 634, 633, 603
517, 661, 634, 630
518, 740, 757, 758
519, 722, 740, 741
520, 784, 791, 792
521, 107, 106, 105
522, 141, 140, 107
523, 300, 252, 251
524, 299, 300, 251
525, 350, 352, 299
526, 247, 273, 297
527, 297, 273, 320
528, 392, 338, 339
529, 251, 252, 204
530, 169, 135, 167
531, 398, 399, 450
532, 262, 310, 268
533, 570, 589, 588
534, 677, 676, 649
535, 679, 706, 680
536, 680, 681, 654
537, 273, 321, 320
538, 373, 349, 320
539, 188, 234, 233
540, 382, 381, 324
541, 751, 734, 738
542, 577, 602, 605
543, 397, 395, 448
544, 564, 530, 528
545, 144, 146, 178
546, 260, 216, 214
547, 122, 123, 154
548, 267, 219, 223
549, 215, 260, 213
550, 109, 144, 111
551, 527, 497, 535
552, 411, 366, 416
553, 366, 359, 347
554, 261, 260, 309
555, 233, 282, 231
556, 322, 274, 276
557, 654, 672, 645
558, 591, 592, 622
559, 310, 360, 361
560, 315, 364, 314
561, 412, 365, 414
562, 458, 419, 465
563, 524, 505, 540
564, 540, 570, 560
565, 753, 756, 769
566, 734, 713, 718
567, 481, 441, 484
568, 614, 585, 587
569, 337, 338, 392
570, 394, 421, 368
571, 390, 443, 389
572, 519, 521, 483
573, 197, 198, 162
574, 338, 337, 289
575, 291, 241, 292
576, 393, 392, 340
577, 681, 706, 707
578, 732, 711, 733
579, 252, 300, 255
580, 353, 354, 302
581, 708, 681, 707
582, 751, 750, 735
583, 749, 763, 748
584, 701, 721, 697
585, 19, 22, 25
586, 119, 125, 98
587, 486, 443, 469
588, 470, 505, 469
589, 250, 201, 249
590, 201, 248, 249
591, 308, 358, 316
592, 358, 365, 316
593, 612, 611, 598
594, 597, 627, 599
595, 729, 746, 733
596, 749, 746, 762
597, 532, 567, 533
598, 499, 536, 502
599, 766, 778, 777
600, 794, 791, 786
601, 333, 286, 335
602, 319, 337, 368
603, 406, 354, 353
604, 354, 301, 302
605, 301, 303, 257
606, 214, 179, 213
607, 780, 790, 789
608, 796, 799, 795
609, 547, 575, 574
610, 473, 509, 506
611, 790, 796, 789
612, 796, 795, 789
613, 799, 800, 798
614, 794, 799, 798
615, 406, 455, 454
616, 454, 455, 494
617, 617, 614, 587
618, 655, 671, 644
619, 708, 731, 728
620, 731, 746, 728
621, 529, 530, 565
622, 526, 525, 562
623, 657, 651, 638
624, 638, 666, 658
625, 706, 681, 680
626, 672, 646, 645
627, 434, 378, 433
628, 377, 379, 383
629, 51, 49, 74
630, 125, 124, 99
631, 565, 530, 564
632, 592, 565, 564
633, 159, 191, 156
634, 242, 198, 197
635, 30, 29, 31
636, 60, 59, 87
637, 350, 349, 401
638, 545, 507, 506
639, 746, 729, 728
640, 728, 729, 703
641, 540, 505, 504
642, 487, 525, 526
643, 784, 772, 774
644, 775, 786, 774
645, 571, 542, 541
646, 546, 542, 572
647, 157, 127, 126
648, 129, 127, 104
649, 642, 668, 641
650, 61, 57, 85
651, 87, 59, 86
652, 751, 767, 765
653, 764, 750, 765
654, 519, 524, 557
655, 484, 441, 482
656, 239, 241, 240
657, 291, 338, 290
658, 95, 123, 96
659, 69, 95, 70
660, 351, 354, 403
661, 406, 454, 403
662, 108, 136, 138
663, 142, 175, 176
664, 687, 713, 712
665, 712, 734, 714
666, 619, 647, 650
667, 677, 649, 650
668, 707, 706, 730
669, 747, 731, 730
670, 28, 36, 35
671, 35, 36, 50
672, 636, 633, 664
673, 633, 634, 664
674, 690, 688, 663
675, 630, 634, 603
676, 574, 575, 603
677, 258, 259, 307
678, 359, 358, 308
679, 178, 180, 147
680, 217, 184, 181
681, 31, 29, 38
682, 32, 34, 38
683, 435, 381, 436
684, 381, 382, 436
685, 772, 757, 760
686, 761, 774, 760
687, 24, 17, 16
688, 30, 24, 23
689, 41, 57, 61
690, 61, 62, 42
691, 46, 69, 70
692, 70, 95, 71
693, 668, 696, 667
694, 667, 663, 640
695, 139, 141, 107
696, 25, 22, 27
697, 22, 28, 27
698, 304, 308, 316
699, 365, 360, 317
700, 629, 627, 631
701, 661, 629, 631
702, 490, 449, 491
703, 527, 564, 528
704, 45, 69, 44
705, 32, 33, 44
706, 628, 627, 597
707, 627, 629, 599
708, 140, 106, 107
709, 292, 241, 242
710, 183, 219, 182
711, 203, 252, 208
712, 302, 256, 255
713, 555, 554, 515
714, 517, 555, 516
715, 16, 15, 20
716, 23, 24, 20
717, 37, 41, 40
718, 41, 61, 40
719, 8, 14, 13
720, 14, 19, 18
721, 793, 798, 797
722, 130, 158, 128
723, 758, 757, 771
724, 362, 311, 312
725, 412, 364, 361
726, 200, 164, 199
727, 162, 198, 163
728, 220, 243, 199
729, 131, 164, 132
730, 297, 349, 298
731, 349, 297, 320
732, 123, 124, 154
733, 223, 185, 222
734, 558, 586, 559
735, 617, 586, 588
736, 500, 536, 498
737, 532, 493, 512
738, 473, 426, 425
739, 321, 375, 371
740, 452, 493, 453
741, 547, 574, 545
742, 588, 589, 618
743, 524, 540, 560
744, 569, 536, 537
745, 638, 651, 620
746, 352, 300, 299
747, 248, 297, 298
748, 373, 426, 401
749, 202, 250, 251
750, 559, 556, 522
751, 560, 586, 557
752, 594, 568, 569
753, 537, 536, 500
754, 120, 119, 91
755, 84, 113, 93
756, 285, 282, 233
757, 228, 229, 276
758, 231, 282, 283
759, 443, 442, 389
760, 395, 418, 448
761, 448, 418, 409
762, 530, 529, 490
763, 396, 449, 444
764, 653, 679, 680
765, 651, 679, 653
766, 259, 303, 307
767, 408, 399, 356
768, 621, 594, 624
769, 622, 652, 625
770, 738, 717, 736
771, 666, 639, 665
772, 646, 647, 615
773, 596, 622, 625
774, 570, 540, 563
775, 525, 529, 562
776, 257, 212, 211
777, 110, 108, 143
778, 349, 373, 401
779, 452, 426, 471
780, 652, 653, 680
781, 625, 652, 654
782, 278, 280, 279
783, 285, 333, 331
784, 691, 717, 692
785, 781, 780, 769
786, 146, 179, 178
787, 216, 180, 214
788, 407, 454, 456
789, 566, 531, 533
790, 491, 449, 448
791, 530, 490, 491
792, 214, 180, 178
793, 179, 214, 178
794, 670, 684, 683
795, 711, 729, 733
796, 558, 521, 557
797, 524, 560, 557
798, 320, 321, 372
799, 471, 473, 506
800, 266, 267, 314
801, 413, 364, 412
802, 462, 461, 415
803, 461, 413, 412
804, 736, 717, 715
805, 769, 780, 768
806, 286, 235, 271
807, 334, 286, 318
808, 747, 750, 762
809, 763, 749, 762
810, 754, 738, 752
811, 738, 736, 752
812, 381, 323, 322
813, 323, 274, 322
814, 639, 635, 665
815, 693, 717, 718
816, 319, 369, 318
817, 389, 333, 335
818, 260, 269, 309
819, 310, 261, 309
820, 250, 298, 299
821, 298, 350, 299
822, 470, 468, 504
823, 563, 540, 526
824, 495, 531, 492
825, 466, 461, 499
826, 493, 455, 453
827, 406, 353, 405
828, 306, 269, 258
829, 303, 355, 307
830, 337, 392, 368
831, 421, 369, 368
832, 413, 461, 420
833, 461, 462, 499
834, 340, 392, 339
835, 291, 340, 339
836, 483, 521, 482
837, 486, 519, 483
838, 699, 700, 670
839, 685, 684, 656
840, 779, 767, 768
841, 754, 752, 769
842, 361, 364, 315
843, 148, 180, 181
844, 201, 250, 202
845, 134, 135, 169
846, 589, 596, 616
847, 616, 596, 615
848, 338, 289, 290
849, 290, 289, 238
850, 341, 340, 293
851, 360, 412, 361
852, 191, 159, 195
853, 239, 290, 238
854, 301, 256, 302
855, 300, 353, 302
856, 286, 271, 318
857, 369, 334, 318
858, 289, 337, 288
859, 238, 289, 236
860, 255, 256, 210
861, 140, 141, 174
862, 762, 750, 764
863, 775, 762, 764
864, 734, 735, 714
865, 731, 707, 730
866, 656, 684, 670
867, 767, 776, 765
868, 766, 764, 765
869, 427, 374, 424
870, 371, 374, 372
871, 123, 95, 97
872, 99, 75, 74
873, 779, 789, 787
874, 778, 776, 787
875, 518, 485, 522
876, 331, 332, 283
877, 778, 788, 777
878, 788, 786, 777
879, 716, 695, 719
880, 254, 301, 257
881, 259, 212, 257
882, 495, 532, 533
883, 454, 494, 456
884, 50, 75, 72
885, 75, 99, 97
886, 469, 443, 422
887, 421, 469, 422
888, 601, 602, 573
889, 600, 630, 603
890, 571, 598, 572
891, 582, 584, 581
892, 569, 568, 538
893, 590, 564, 561
894, 426, 373, 425
895, 474, 473, 427
896, 578, 567, 549
897, 593, 567, 578
898, 51, 75, 50
899, 72, 69, 47
900, 141, 173, 174
901, 300, 302, 255
902, 729, 704, 703
903, 702, 728, 703
904, 686, 657, 658
905, 657, 638, 658
906, 516, 555, 515
907, 584, 612, 581
908, 480, 434, 433
909, 378, 377, 433
910, 94, 96, 122
911, 155, 185, 154
912, 481, 435, 436
913, 382, 386, 436
914, 536, 569, 539
915, 534, 568, 535
916, 74, 49, 52
917, 76, 99, 74
918, 514, 542, 508
919, 428, 430, 475
920, 179, 177, 213
921, 254, 257, 211
922, 374, 371, 424
923, 472, 427, 424
924, 59, 58, 86
925, 116, 87, 86
926, 508, 542, 546
927, 509, 508, 546
928, 679, 657, 678
929, 705, 679, 678
930, 127, 129, 126
931, 158, 159, 128
932, 99, 76, 98
933, 76, 74, 52
934, 784, 792, 783
935, 60, 87, 85
936, 88, 61, 85
937, 86, 58, 68
938, 39, 31, 38
939, 629, 598, 599
940, 610, 597, 599
941, 696, 695, 667
942, 690, 663, 667
943, 125, 99, 98
944, 98, 76, 73
945, 611, 643, 642
946, 696, 668, 669
947, 485, 518, 478
948, 480, 485, 478
949, 94, 86, 68
950, 68, 58, 43
951, 198, 241, 196
952, 241, 239, 196
953, 95, 96, 71
954, 67, 70, 71
955, 347, 305, 348
956, 269, 306, 270
957, 28, 35, 27
958, 33, 25, 27
959, 135, 134, 105
960, 126, 129, 128
961, 128, 159, 156
962, 82, 109, 81
963, 109, 83, 81
964, 602, 633, 605
965, 633, 636, 605
966, 757, 740, 743
967, 744, 760, 743
968, 663, 688, 660
969, 632, 663, 660
970, 326, 385, 328
971, 385, 386, 328
972, 26, 23, 20
973, 24, 16, 20
974, 308, 305, 347
975, 359, 308, 347
976, 103, 80, 101
977, 154, 185, 183
978, 40, 61, 42
979, 54, 40, 42
980, 19, 25, 18
981, 15, 13, 18
982, 16, 17, 11
983, 6, 2, 5
984, 402, 452, 453
985, 455, 405, 453
986, 476, 516, 515
987, 554, 514, 515
988, 448, 459, 488
989, 530, 491, 528
990, 668, 642, 669
991, 139, 107, 105
992, 758, 773, 759
993, 742, 758, 759
994, 199, 164, 182
995, 101, 79, 102
996, 219, 185, 223
997, 184, 217, 222
998, 619, 649, 618
999, 586, 560, 588
1000, 425, 373, 372
1001, 321, 371, 372
1002, 559, 586, 587
1003, 520, 558, 523
1004, 579, 606, 578
1005, 595, 569, 593
1006, 456, 494, 495
1007, 493, 507, 512
1008, 648, 617, 618
1009, 219, 267, 220
1010, 220, 267, 221
1011, 586, 558, 557
1012, 521, 519, 557
1013, 417, 367, 400
1014, 494, 532, 495
1015, 402, 350, 401
1016, 426, 452, 401
1017, 310, 361, 315
1018, 315, 267, 268
1019, 653, 652, 624
1020, 652, 622, 621
1021, 181, 184, 153
1022, 184, 185, 155
1023, 292, 243, 293
1024, 130, 129, 161
1025, 116, 122, 150
1026, 124, 155, 154
1027, 243, 220, 244
1028, 267, 315, 314
1029, 182, 164, 149
1030, 200, 243, 242
1031, 637, 606, 607
1032, 512, 513, 549
1033, 78, 77, 101
1034, 102, 79, 89
1035, 65, 83, 84
1036, 218, 217, 181
1037, 235, 286, 285
1038, 286, 333, 285
1039, 298, 250, 249
1040, 248, 298, 249
1041, 427, 473, 425
1042, 374, 427, 425
1043, 444, 393, 391
1044, 449, 490, 444
1045, 623, 653, 624
1046, 652, 621, 624
1047, 537, 531, 566
1048, 593, 569, 566
1049, 493, 452, 471
1050, 426, 473, 471
1051, 521, 558, 520
1052, 481, 484, 520
1053, 389, 332, 331
1054, 389, 442, 388
1055, 449, 396, 397
1056, 418, 419, 409
1057, 180, 148, 147
1058, 144, 178, 147
1059, 260, 214, 213
1060, 211, 212, 176
1061, 666, 638, 637
1062, 623, 606, 620
1063, 499, 462, 498
1064, 492, 531, 501
1065, 232, 229, 231
1066, 234, 285, 233
1067, 309, 269, 317
1068, 356, 305, 304
1069, 408, 456, 457
1070, 531, 537, 501
1071, 177, 179, 145
1072, 108, 138, 143
1073, 153, 184, 152
1074, 148, 181, 153
1075, 233, 229, 228
1076, 188, 233, 228
1077, 329, 382, 324
1078, 274, 228, 276
1079, 364, 413, 363
1080, 244, 220, 221
1081, 717, 691, 715
1082, 716, 736, 715
1083, 635, 636, 665
1084, 717, 693, 692
1085, 512, 507, 543
1086, 576, 604, 580
1087, 751, 754, 768
1088, 754, 769, 768
1089, 420, 466, 465
1090, 539, 569, 538
1091, 356, 306, 357
1092, 306, 258, 307
1093, 286, 334, 335
1094, 390, 389, 335
1095, 461, 412, 414
1096, 463, 500, 498
1097, 395, 413, 420
1098, 461, 466, 420
1099, 719, 695, 720
1100, 284, 232, 283
1101, 276, 229, 230
1102, 528, 491, 488
1103, 449, 397, 448
1104, 529, 565, 562
1105, 540, 504, 526
1106, 717, 738, 718
1107, 718, 713, 694
1108, 230, 232, 277
1109, 521, 484, 482
1110, 596, 625, 615
1111, 652, 680, 654
1112, 164, 200, 165
1113, 104, 100, 103
1114, 311, 346, 345
1115, 396, 444, 391
1116, 620, 606, 637
1117, 638, 620, 637
1118, 647, 616, 615
1119, 615, 625, 645
1120, 282, 285, 331
1121, 333, 389, 331
1122, 192, 238, 236
1123, 289, 237, 236
1124, 237, 289, 288
1125, 272, 237, 288
1126, 270, 306, 304
1127, 305, 308, 304
1128, 490, 529, 489
1129, 446, 490, 489
1130, 387, 442, 440
1131, 442, 483, 440
1132, 591, 563, 562
1133, 563, 526, 562
1134, 209, 256, 253
1135, 170, 172, 205
1136, 213, 177, 176
1137, 177, 145, 143
1138, 715, 691, 689
1139, 664, 691, 665
1140, 84, 83, 112
1141, 113, 148, 121
1142, 549, 513, 550
1143, 544, 513, 543
1144, 397, 396, 345
1145, 344, 396, 343
1146, 527, 528, 488
1147, 491, 448, 488
1148, 705, 712, 714
1149, 735, 730, 714
1150, 710, 732, 709
1151, 711, 732, 710
1152, 256, 209, 210
1153, 210, 173, 208
1154, 465, 466, 502
1155, 538, 534, 503
1156, 542, 571, 572
1157, 575, 546, 572
1158, 250, 299, 251
1159, 168, 134, 169
1160, 724, 699, 698
1161, 684, 710, 709
1162, 671, 656, 670
1163, 682, 699, 683
1164, 271, 224, 226
1165, 272, 271, 226
1166, 746, 749, 733
1167, 709, 732, 727
1168, 75, 97, 72
1169, 45, 35, 47
1170, 175, 211, 176
1171, 177, 143, 142
1172, 290, 239, 240
1173, 291, 290, 240
1174, 367, 398, 400
1175, 460, 462, 415
1176, 476, 514, 475
1177, 514, 508, 475
1178, 196, 239, 194
1179, 239, 238, 195
1180, 536, 539, 502
1181, 418, 420, 465
1182, 169, 202, 204
1183, 758, 742, 741
1184, 773, 758, 771
1185, 568, 561, 535
1186, 497, 534, 535
1187, 379, 435, 383
1188, 435, 437, 383
1189, 612, 598, 581
1190, 553, 571, 541
1191, 598, 571, 581
1192, 571, 553, 581
1193, 574, 603, 601
1194, 544, 574, 573
1195, 76, 52, 73
1196, 92, 98, 73
1197, 375, 431, 376
1198, 429, 424, 376
1199, 383, 437, 433
1200, 377, 383, 433
1201, 58, 38, 43
1202, 67, 68, 43
1203, 668, 667, 641
1204, 610, 642, 641
1205, 191, 157, 156
1206, 129, 130, 128
1207, 73, 52, 48
1208, 65, 73, 48
1209, 662, 631, 659
1210, 628, 660, 659
1211, 160, 196, 194
1212, 239, 195, 194
1213, 15, 16, 10
1214, 16, 11, 10
1215, 10, 11, 5
1216, 9, 10, 5
1217, 739, 719, 720
1218, 228, 274, 227
1219, 586, 617, 587
1220, 585, 559, 587
1221, 614, 617, 626
1222, 617, 648, 626
1223, 219, 220, 199
1224, 243, 200, 199
1225, 340, 292, 293
1226, 267, 266, 221
1227, 617, 588, 618
1228, 649, 648, 618
1229, 567, 593, 566
1230, 569, 537, 566
1231, 267, 223, 268
1232, 310, 315, 268
1233, 77, 79, 101
1234, 161, 129, 133
1235, 567, 532, 549
1236, 507, 545, 543
1237, 219, 199, 182
1238, 183, 151, 150
1239, 606, 593, 578
1240, 551, 579, 550
1241, 531, 495, 533
1242, 567, 566, 533
1243, 122, 154, 150
1244, 154, 183, 150
1245, 532, 512, 549
1246, 579, 578, 549
1247, 268, 223, 222
1248, 262, 268, 222
1249, 373, 320, 372
1250, 374, 425, 372
1251, 118, 151, 149
1252, 150, 151, 117
1253, 558, 559, 523
1254, 485, 520, 523
1255, 507, 471, 506
1256, 510, 509, 511
1257, 606, 579, 607
1258, 639, 637, 607
1259, 264, 266, 313
1260, 364, 363, 314
1261, 456, 495, 457
1262, 495, 492, 457
1263, 360, 309, 317
1264, 269, 270, 317
1265, 243, 292, 242
1266, 165, 200, 197
1267, 574, 544, 543
1268, 513, 512, 543
1269, 466, 499, 502
1270, 502, 539, 503
1271, 393, 340, 341
1272, 391, 393, 342
1273, 144, 147, 111
1274, 147, 148, 112
1275, 748, 732, 733
1276, 749, 748, 733
1277, 184, 155, 152
1278, 121, 153, 120
1279, 103, 131, 132
1280, 129, 104, 133
1281, 773, 771, 783
1282, 306, 307, 357
1283, 408, 356, 357
1284, 537, 500, 501
1285, 501, 500, 464
1286, 607, 579, 580
1287, 513, 544, 551
1288, 396, 391, 343
1289, 345, 344, 296
1290, 212, 213, 176
1291, 177, 142, 176
1292, 691, 692, 665
1293, 636, 664, 665
1294, 229, 233, 231
1295, 282, 331, 283
1296, 688, 715, 689
1297, 691, 664, 689
1298, 724, 742, 725
1299, 700, 699, 725
1300, 324, 276, 281
1301, 229, 232, 230
1302, 483, 482, 440
1303, 440, 482, 438
1304, 172, 209, 205
1305, 209, 253, 205
1306, 687, 693, 694
1307, 693, 718, 694
1308, 568, 534, 538
1309, 503, 496, 467
1310, 461, 414, 415
1311, 415, 414, 410
1312, 332, 389, 388
1313, 442, 387, 388
1314, 284, 332, 330
1315, 388, 387, 330
1316, 236, 237, 190
1317, 189, 236, 190
1318, 293, 244, 287
1319, 314, 363, 313
1320, 381, 322, 324
1321, 322, 276, 324
1322, 317, 270, 316
1323, 306, 356, 304
1324, 148, 153, 121
1325, 93, 92, 66
1326, 625, 654, 645
1327, 646, 615, 645
1328, 682, 709, 701
1329, 732, 748, 745
1330, 363, 413, 362
1331, 313, 363, 312
1332, 457, 492, 450
1333, 451, 492, 464
1334, 35, 50, 47
1335, 50, 72, 47
1336, 536, 499, 498
1337, 492, 501, 464
1338, 419, 459, 409
1339, 459, 448, 409
1340, 202, 169, 167
1341, 551, 544, 548
1342, 574, 601, 573
1343, 346, 397, 345
1344, 396, 344, 345
1345, 210, 209, 174
1346, 173, 210, 174
1347, 365, 317, 316
1348, 270, 304, 316
1349, 684, 709, 683
1350, 698, 722, 723
1351, 330, 387, 384
1352, 387, 440, 438
1353, 542, 514, 541
1354, 554, 553, 541
1355, 202, 251, 204
1356, 203, 169, 204
1357, 740, 758, 741
1358, 742, 724, 741
1359, 252, 255, 208
1360, 255, 210, 208
1361, 149, 131, 114
1362, 131, 103, 101
1363, 157, 126, 156
1364, 126, 128, 156
1365, 111, 147, 112
1366, 148, 113, 112
1367, 398, 347, 348
1368, 305, 356, 348
1369, 296, 344, 295
1370, 311, 345, 296
1371, 641, 667, 640
1372, 632, 641, 640
1373, 336, 391, 342
1374, 393, 341, 342
1375, 188, 228, 227
1376, 699, 724, 725
1377, 773, 783, 785
1378, 151, 183, 182
1379, 164, 131, 149
1380, 243, 244, 293
1381, 336, 341, 293
1382, 221, 266, 245
1383, 287, 244, 245
1384, 164, 165, 132
1385, 104, 103, 132
1386, 201, 202, 166
1387, 523, 559, 522
1388, 485, 523, 522
1389, 115, 150, 117
1390, 151, 118, 117
1391, 160, 130, 161
1392, 200, 242, 197
1393, 547, 545, 510
1394, 545, 506, 510
1395, 336, 293, 287
1396, 266, 264, 245
1397, 132, 165, 133
1398, 165, 197, 161
1399, 266, 314, 313
1400, 312, 263, 265
1401, 580, 604, 608
1402, 579, 551, 580
1403, 232, 231, 283
1404, 332, 284, 283
1405, 117, 118, 90
1406, 131, 101, 102
1407, 579, 549, 550
1408, 513, 551, 550
1409, 83, 111, 112
1410, 113, 84, 112
1411, 462, 460, 498
1412, 460, 463, 498
1413, 458, 465, 467
1414, 539, 538, 503
1415, 205, 253, 206
1416, 175, 205, 206
1417, 276, 230, 281
1418, 329, 324, 281
1419, 408, 457, 450
1420, 492, 451, 450
1421, 153, 152, 120
1422, 92, 121, 120
1423, 463, 460, 416
1424, 460, 415, 410
1425, 332, 388, 330
1426, 277, 284, 325
1427, 699, 670, 683
1428, 709, 682, 683
1429, 281, 230, 279
1430, 232, 284, 277
1431, 580, 551, 552
1432, 544, 573, 548
1433, 344, 343, 295
1434, 246, 296, 295
1435, 732, 745, 727
1436, 721, 722, 697
1437, 363, 362, 312
1438, 246, 264, 265
1439, 113, 121, 93
1440, 65, 84, 93
1441, 450, 451, 400
1442, 417, 451, 464
1443, 387, 438, 384
1444, 284, 330, 325
1445, 699, 682, 698
1446, 741, 724, 723
1447, 417, 463, 416
1448, 460, 410, 411
1449, 92, 73, 66
1450, 65, 93, 66
1451, 119, 98, 91
1452, 92, 120, 91
1453, 254, 211, 207
1454, 175, 206, 207
1455, 509, 546, 511
1456, 547, 510, 511
1457, 614, 626, 644
1458, 202, 167, 166
1459, 90, 118, 89
1460, 151, 182, 149
1461, 244, 221, 245
1462, 294, 287, 245
1463, 104, 132, 133
1464, 165, 161, 133
1465, 88, 117, 90
1466, 114, 102, 89
1467, 465, 502, 467
1468, 502, 503, 467
1469, 264, 313, 265
1470, 313, 312, 265
1471, 161, 197, 162
1472, 160, 161, 162
1473, 500, 463, 464
1474, 463, 417, 464
1475, 639, 607, 608
1476, 607, 580, 608
1477, 278, 277, 325
1478, 330, 384, 325
1479, 576, 580, 552
1480, 551, 548, 552
1481, 327, 281, 279
1482, 230, 277, 279
1483, 709, 727, 701
1484, 698, 682, 697
1485, 367, 417, 416
1486, 460, 411, 416
1487, 398, 450, 400
1488, 451, 417, 400
1489, 722, 741, 723
1490, 724, 698, 723
1491, 131, 102, 114
1492, 118, 149, 114
1493, 63, 62, 64
1494, 118, 114, 89
1495, 722, 698, 697
1496, 682, 701, 697
1497, 88, 90, 64
1498, 90, 89, 64
1499, 198, 196, 163
1500, 160, 162, 163
** 
** 
*Elset, elset=Phase1 
1, 2, 3, 4, 5, 6, 7, 8, 9, 10, 11, 12, 13, 15, 17, 19
23, 24, 25, 27, 28, 29, 30, 31, 32, 35, 36, 37, 38, 39, 40, 43
45, 47, 50, 51, 52, 53, 54, 57, 58, 63, 64, 65, 66, 67, 68, 69
70, 74, 76, 78, 79, 80, 81, 88, 91, 94, 95, 96, 97, 100, 103, 104
107, 108, 112, 113, 115, 116, 118, 119, 120, 121, 124, 125, 127, 131, 133, 134
135, 136, 137, 140, 141, 142, 144, 146, 147, 152, 156, 157, 158, 161, 162, 164
165, 166, 168, 169, 170, 171, 174, 175, 176, 180, 181, 182, 184, 185, 188, 190
191, 192, 193, 194, 199, 200, 202, 204, 205, 207, 209, 210, 211, 213, 214, 216
217, 218, 219, 220, 221, 222, 223, 226, 228, 229, 231, 232, 233, 235, 237, 239
240, 241, 245, 246, 247, 249, 251, 252, 253, 257, 258, 259, 260, 263, 266, 267
268, 269, 270, 271, 274, 275, 276, 278, 279, 280, 286, 287, 288, 290, 291, 294
295, 296, 299, 300, 304, 310, 312, 314, 318, 323, 324, 325, 326, 328, 332, 337
338, 339, 341, 343, 344, 346, 350, 351, 355, 356, 357, 358, 359, 360, 361, 362
363, 364, 365, 366, 367, 368, 369, 370, 371, 372, 373, 374, 375, 376, 377, 378
391, 392, 393, 394, 395, 396, 397, 398, 399, 400, 401, 402, 403, 404, 405, 406
412, 413, 414, 415, 417, 419, 420, 421, 422, 423, 424, 425, 426, 433, 436, 437
441, 442, 449, 450, 451, 453, 458, 459, 460, 461, 469, 470, 471, 472, 473, 474
480, 481, 483, 486, 496, 497, 500, 501, 503, 504, 505, 506, 507, 508, 509, 510
511, 512, 513, 514, 515, 516, 517, 518, 519, 520, 521, 522, 523, 524, 525, 526
527, 528, 529, 530, 531, 532, 533, 534, 537, 538, 539, 540, 544, 545, 546, 547
548, 549, 550, 551, 552, 555, 556, 559, 560, 561, 562, 563, 564, 567, 568, 569
570, 571, 572, 573, 575, 576, 577, 578, 581, 582, 583, 584, 589, 590, 595, 596
597, 598, 601, 602, 605, 606, 607, 608, 609, 610, 611, 612, 613, 614, 615, 616
617, 618, 621, 622, 623, 624, 631, 632, 633, 634, 637, 638, 641, 642, 647, 648
649, 652, 653, 654, 655, 658, 659, 660, 661, 662, 663, 664, 665, 666, 667, 668
669, 674, 675, 676, 679, 680, 687, 688, 691, 692, 693, 694, 695, 700, 701, 703
704, 705, 708, 709, 710, 713, 714, 715, 716, 721, 722, 723, 724, 725, 726, 727
728, 729, 730, 731, 732, 733, 734, 735, 736, 737, 738, 739, 740, 741, 742, 743
744, 745, 746, 747, 748, 749, 750, 751, 752, 753, 754, 755, 756, 757, 758, 759
774, 775, 776, 777, 778, 779, 782, 783, 786, 787, 788, 789, 792, 793, 794, 795
796, 797, 798, 799, 800, 801, 802, 803, 806, 807, 808, 809, 812, 813, 816, 817
820, 821, 822, 823, 824, 825, 830, 831, 832, 833, 834, 835, 836, 837, 838, 839
842, 843, 844, 845, 850, 851, 856, 857, 862, 863, 864, 865, 866, 867, 868, 869
870, 873, 874, 875, 876, 879, 880, 881, 882, 883, 888, 889, 892, 893, 894, 895
896, 897, 904, 905, 906, 910, 911, 914, 915, 920, 921, 922, 923, 930, 931, 934
941, 942, 945, 946, 947, 948, 953, 954, 959, 960, 961, 962, 963, 968, 969, 972
973, 976, 977, 982, 983, 984, 986, 990, 991, 992, 993, 994, 995, 996, 997, 998
999, 1000, 1001, 1002, 1003, 1004, 1005, 1006, 1007, 1008, 1009, 1010, 1011, 1012, 1013, 1014
1015, 1016, 1017, 1018, 1021, 1022, 1023, 1024, 1025, 1026, 1027, 1028, 1029, 1030, 1031, 1032
1033, 1034, 1035, 1036, 1037, 1038, 1039, 1040, 1041, 1042, 1047, 1048, 1049, 1050, 1051, 1052
1053, 1054, 1057, 1058, 1059, 1060, 1061, 1062, 1063, 1064, 1065, 1066, 1069, 1070, 1071, 1072
1073, 1074, 1075, 1076, 1077, 1078, 1079, 1080, 1085, 1086, 1089, 1090, 1093, 1094, 1095, 1096
1097, 1098, 1099, 1100, 1101, 1104, 1105, 1108, 1109, 1112, 1113, 1116, 1117, 1120, 1121, 1130
1131, 1132, 1133, 1136, 1137, 1140, 1141, 1142, 1143, 1148, 1149, 1150, 1151, 1154, 1155, 1158
1159, 1160, 1161, 1162, 1163, 1164, 1165, 1166, 1167, 1170, 1171, 1174, 1175, 1180, 1181, 1182
1183, 1184, 1185, 1186, 1193, 1194, 1197, 1198, 1203, 1204, 1205, 1206, 1209, 1210, 1213, 1214
1215, 1216, 1217, 1218, 1219, 1220, 1221, 1222, 1223, 1224, 1225, 1226, 1227, 1228, 1229, 1230
1231, 1232, 1233, 1234, 1235, 1236, 1237, 1238, 1239, 1240, 1241, 1242, 1243, 1244, 1245, 1246
1247, 1248, 1249, 1250, 1251, 1252, 1253, 1254, 1255, 1256, 1257, 1258, 1259, 1260, 1261, 1262
1265, 1266, 1267, 1268, 1269, 1270, 1271, 1273, 1274, 1275, 1276, 1277, 1278, 1279, 1280, 1281
1284, 1285, 1286, 1287, 1290, 1291, 1294, 1295, 1298, 1299, 1300, 1301, 1302, 1303, 1308, 1309
1310, 1311, 1312, 1313, 1314, 1315, 1318, 1319, 1320, 1321, 1324, 1325, 1328, 1329, 1330, 1331
1332, 1333, 1336, 1337, 1340, 1341, 1342, 1349, 1350, 1351, 1352, 1355, 1356, 1357, 1358, 1361
1362, 1363, 1364, 1365, 1366, 1371, 1372, 1374, 1375, 1376, 1377, 1378, 1379, 1380, 1381, 1382
1383, 1384, 1385, 1386, 1387, 1388, 1389, 1390, 1391, 1392, 1393, 1394, 1395, 1396, 1397, 1398
1399, 1400, 1401, 1402, 1403, 1404, 1405, 1406, 1407, 1408, 1409, 1410, 1411, 1412, 1413, 1414
1417, 1418, 1419, 1420, 1421, 1422, 1423, 1424, 1425, 1426, 1427, 1428, 1429, 1430, 1431, 1432
1435, 1436, 1437, 1438, 1439, 1440, 1441, 1442, 1443, 1444, 1445, 1446, 1447, 1448, 1450, 1452
1453, 1456, 1457, 1458, 1459, 1460, 1461, 1462, 1463, 1464, 1465, 1466, 1467, 1468, 1469, 1470
1471, 1472, 1473, 1474, 1475, 1476, 1477, 1478, 1479, 1480, 1481, 1482, 1483, 1484, 1485, 1486
1487, 1488, 1489, 1490, 1491, 1492, 1493, 1494, 1495, 1496, 1497, 1498, 1500, 
*Elset, elset=Phase2 
14, 16, 18, 20, 21, 22, 26, 33, 34, 41, 42, 44, 46, 48, 49, 55
56, 59, 60, 61, 62, 71, 72, 73, 75, 77, 82, 83, 84, 85, 86, 87
89, 90, 92, 93, 98, 99, 101, 102, 105, 106, 109, 110, 111, 114, 117, 122
123, 126, 128, 129, 130, 132, 138, 139, 143, 145, 148, 149, 150, 151, 153, 154
155, 159, 160, 163, 167, 172, 173, 177, 178, 179, 183, 186, 187, 189, 195, 196
197, 198, 201, 203, 206, 208, 212, 215, 224, 225, 227, 230, 234, 236, 238, 242
243, 244, 248, 250, 254, 255, 256, 261, 262, 264, 265, 272, 273, 277, 281, 282
283, 284, 285, 289, 292, 293, 297, 298, 301, 302, 303, 305, 306, 307, 308, 309
311, 313, 315, 316, 317, 319, 320, 321, 322, 327, 329, 330, 331, 333, 334, 335
336, 340, 342, 345, 347, 348, 349, 352, 353, 354, 379, 380, 381, 382, 383, 384
385, 386, 387, 388, 389, 390, 407, 408, 409, 410, 411, 416, 418, 427, 428, 429
430, 431, 432, 434, 435, 438, 439, 440, 443, 444, 445, 446, 447, 448, 452, 454
455, 456, 457, 462, 463, 464, 465, 466, 467, 468, 475, 476, 477, 478, 479, 482
484, 485, 487, 488, 489, 490, 491, 492, 493, 494, 495, 498, 499, 502, 535, 536
541, 542, 543, 553, 554, 557, 558, 565, 566, 574, 579, 580, 585, 586, 587, 588
591, 592, 593, 594, 599, 600, 603, 604, 619, 620, 625, 626, 627, 628, 629, 630
635, 636, 639, 640, 643, 644, 645, 646, 650, 651, 656, 657, 670, 671, 672, 673
677, 678, 681, 682, 683, 684, 685, 686, 689, 690, 696, 697, 698, 699, 702, 706
707, 711, 712, 717, 718, 719, 720, 760, 761, 762, 763, 764, 765, 766, 767, 768
769, 770, 771, 772, 773, 780, 781, 784, 785, 790, 791, 804, 805, 810, 811, 814
815, 818, 819, 826, 827, 828, 829, 840, 841, 846, 847, 848, 849, 852, 853, 854
855, 858, 859, 860, 861, 871, 872, 877, 878, 884, 885, 886, 887, 890, 891, 898
899, 900, 901, 902, 903, 907, 908, 909, 912, 913, 916, 917, 918, 919, 924, 925
926, 927, 928, 929, 932, 933, 935, 936, 937, 938, 939, 940, 943, 944, 949, 950
951, 952, 955, 956, 957, 958, 964, 965, 966, 967, 970, 971, 974, 975, 978, 979
980, 981, 985, 987, 988, 989, 1019, 1020, 1043, 1044, 1045, 1046, 1055, 1056, 1067, 1068
1081, 1082, 1083, 1084, 1087, 1088, 1091, 1092, 1102, 1103, 1106, 1107, 1110, 1111, 1114, 1115
1118, 1119, 1122, 1123, 1124, 1125, 1126, 1127, 1128, 1129, 1134, 1135, 1138, 1139, 1144, 1145
1146, 1147, 1152, 1153, 1156, 1157, 1168, 1169, 1172, 1173, 1176, 1177, 1178, 1179, 1187, 1188
1189, 1190, 1191, 1192, 1195, 1196, 1199, 1200, 1201, 1202, 1207, 1208, 1211, 1212, 1263, 1264
1272, 1282, 1283, 1288, 1289, 1292, 1293, 1296, 1297, 1304, 1305, 1306, 1307, 1316, 1317, 1322
1323, 1326, 1327, 1334, 1335, 1338, 1339, 1343, 1344, 1345, 1346, 1347, 1348, 1353, 1354, 1359
1360, 1367, 1368, 1369, 1370, 1373, 1415, 1416, 1433, 1434, 1449, 1451, 1454, 1455, 1499, 
*Elset, elset=CZ 
1, 2, 3, 4, 5, 6, 7, 8, 9, 10, 11, 12, 13, 15, 17, 19
23, 24, 25, 27, 28, 29, 30, 31, 32, 35, 36, 37, 38, 39, 40, 43
45, 47, 50, 51, 52, 53, 54, 57, 58, 63, 64, 65, 66, 67, 68, 69
70, 74, 76, 78, 79, 80, 81, 88, 91, 94, 95, 96, 97, 100, 103, 104
107, 108, 112, 113, 115, 116, 118, 119, 120, 121, 124, 125, 127, 131, 133, 134
135, 136, 137, 140, 141, 142, 144, 146, 147, 152, 156, 157, 158, 161, 162, 164
165, 166, 168, 169, 170, 171, 174, 175, 176, 180, 181, 182, 184, 185, 188, 190
191, 192, 193, 194, 199, 200, 202, 204, 205, 207, 209, 210, 211, 213, 214, 216
217, 218, 219, 220, 221, 222, 223, 226, 228, 229, 231, 232, 233, 235, 237, 239
240, 241, 245, 246, 247, 249, 251, 252, 253, 257, 258, 259, 260, 263, 266, 267
268, 269, 270, 271, 274, 275, 276, 278, 279, 280, 286, 287, 288, 290, 291, 294
295, 296, 299, 300, 304, 310, 312, 314, 318, 323, 324, 325, 326, 328, 332, 337
338, 339, 341, 343, 344, 346, 350, 351, 355, 356, 357, 358, 359, 360, 361, 362
363, 364, 365, 366, 367, 368, 369, 370, 371, 372, 373, 374, 375, 376, 377, 378
391, 392, 393, 394, 395, 396, 397, 398, 399, 400, 401, 402, 403, 404, 405, 406
412, 413, 414, 415, 417, 419, 420, 421, 422, 423, 424, 425, 426, 433, 436, 437
441, 442, 449, 450, 451, 453, 458, 459, 460, 461, 469, 470, 471, 472, 473, 474
480, 481, 483, 486, 496, 497, 500, 501, 503, 504, 505, 506, 507, 508, 509, 510
511, 512, 513, 514, 515, 516, 517, 518, 519, 520, 521, 522, 523, 524, 525, 526
527, 528, 529, 530, 531, 532, 533, 534, 537, 538, 539, 540, 544, 545, 546, 547
548, 549, 550, 551, 552, 555, 556, 559, 560, 561, 562, 563, 564, 567, 568, 569
570, 571, 572, 573, 575, 576, 577, 578, 581, 582, 583, 584, 589, 590, 595, 596
597, 598, 601, 602, 605, 606, 607, 608, 609, 610, 611, 612, 613, 614, 615, 616
617, 618, 621, 622, 623, 624, 631, 632, 633, 634, 637, 638, 641, 642, 647, 648
649, 652, 653, 654, 655, 658, 659, 660, 661, 662, 663, 664, 665, 666, 667, 668
669, 674, 675, 676, 679, 680, 687, 688, 691, 692, 693, 694, 695, 700, 701, 703
704, 705, 708, 709, 710, 713, 714, 715, 716, 721, 722, 723, 724, 725, 726, 727
728, 729, 730, 731, 732, 733, 734, 735, 736, 737, 738, 739, 740, 741, 742, 743
744, 745, 746, 747, 748, 749, 750, 751, 752, 753, 754, 755, 756, 757, 758, 759
774, 775, 776, 777, 778, 779, 782, 783, 786, 787, 788, 789, 792, 793, 794, 795
796, 797, 798, 799, 800, 801, 802, 803, 806, 807, 808, 809, 812, 813, 816, 817
820, 821, 822, 823, 824, 825, 830, 831, 832, 833, 834, 835, 836, 837, 838, 839
842, 843, 844, 845, 850, 851, 856, 857, 862, 863, 864, 865, 866, 867, 868, 869
870, 873, 874, 875, 876, 879, 880, 881, 882, 883, 888, 889, 892, 893, 894, 895
896, 897, 904, 905, 906, 910, 911, 914, 915, 920, 921, 922, 923, 930, 931, 934
941, 942, 945, 946, 947, 948, 953, 954, 959, 960, 961, 962, 963, 968, 969, 972
973, 976, 977, 982, 983, 984, 986, 990, 991, 992, 993, 994, 995, 996, 997, 998
999, 1000, 1001, 1002, 1003, 1004, 1005, 1006, 1007, 1008, 1009, 1010, 1011, 1012, 1013, 1014
1015, 1016, 1017, 1018, 1021, 1022, 1023, 1024, 1025, 1026, 1027, 1028, 1029, 1030, 1031, 1032
1033, 1034, 1035, 1036, 1037, 1038, 1039, 1040, 1041, 1042, 1047, 1048, 1049, 1050, 1051, 1052
1053, 1054, 1057, 1058, 1059, 1060, 1061, 1062, 1063, 1064, 1065, 1066, 1069, 1070, 1071, 1072
1073, 1074, 1075, 1076, 1077, 1078, 1079, 1080, 1085, 1086, 1089, 1090, 1093, 1094, 1095, 1096
1097, 1098, 1099, 1100, 1101, 1104, 1105, 1108, 1109, 1112, 1113, 1116, 1117, 1120, 1121, 1130
1131, 1132, 1133, 1136, 1137, 1140, 1141, 1142, 1143, 1148, 1149, 1150, 1151, 1154, 1155, 1158
1159, 1160, 1161, 1162, 1163, 1164, 1165, 1166, 1167, 1170, 1171, 1174, 1175, 1180, 1181, 1182
1183, 1184, 1185, 1186, 1193, 1194, 1197, 1198, 1203, 1204, 1205, 1206, 1209, 1210, 1213, 1214
1215, 1216, 1217, 1218, 1219, 1220, 1221, 1222, 1223, 1224, 1225, 1226, 1227, 1228, 1229, 1230
1231, 1232, 1233, 1234, 1235, 1236, 1237, 1238, 1239, 1240, 1241, 1242, 1243, 1244, 1245, 1246
1247, 1248, 1249, 1250, 1251, 1252, 1253, 1254, 1255, 1256, 1257, 1258, 1259, 1260, 1261, 1262
1265, 1266, 1267, 1268, 1269, 1270, 1271, 1273, 1274, 1275, 1276, 1277, 1278, 1279, 1280, 1281
1284, 1285, 1286, 1287, 1290, 1291, 1294, 1295, 1298, 1299, 1300, 1301, 1302, 1303, 1308, 1309
1310, 1311, 1312, 1313, 1314, 1315, 1318, 1319, 1320, 1321, 1324, 1325, 1328, 1329, 1330, 1331
1332, 1333, 1336, 1337, 1340, 1341, 1342, 1349, 1350, 1351, 1352, 1355, 1356, 1357, 1358, 1361
1362, 1363, 1364, 1365, 1366, 1371, 1372, 1374, 1375, 1376, 1377, 1378, 1379, 1380, 1381, 1382
1383, 1384, 1385, 1386, 1387, 1388, 1389, 1390, 1391, 1392, 1393, 1394, 1395, 1396, 1397, 1398
1399, 1400, 1401, 1402, 1403, 1404, 1405, 1406, 1407, 1408, 1409, 1410, 1411, 1412, 1413, 1414
1417, 1418, 1419, 1420, 1421, 1422, 1423, 1424, 1425, 1426, 1427, 1428, 1429, 1430, 1431, 1432
1435, 1436, 1437, 1438, 1439, 1440, 1441, 1442, 1443, 1444, 1445, 1446, 1447, 1448, 1450, 1452
1453, 1456, 1457, 1458, 1459, 1460, 1461, 1462, 1463, 1464, 1465, 1466, 1467, 1468, 1469, 1470
1471, 1472, 1473, 1474, 1475, 1476, 1477, 1478, 1479, 1480, 1481, 1482, 1483, 1484, 1485, 1486
1487, 1488, 1489, 1490, 1491, 1492, 1493, 1494, 1495, 1496, 1497, 1498, 1500, 
*End Part 
** 
** ASSEMBLY 
** 
*Assembly, name=Assembly-1 
*Instance, name=Instance-1, part=Part-1 
*End Instance 
*Nset, nset= ST_T, instance=Instance-1 
275, 323, 377, 378, 379, 380, 432, 479, 518, 556, 585, 614, 644, 671, 700, 725
742, 759, 773, 785, 792, 797, 800, 
*Nset, nset= ST_B, instance=Instance-1 
1, 2, 4, 6, 7, 8, 14, 19, 22, 28, 36, 49, 51, 55, 82, 105
106, 108, 109, 110, 135, 136, 137, 144, 146, 166, 201, 247, 248, 
*End Assembly 
